instance_name,rol_time,backtracking_time
meia_hora,DumasEtAl_n80w60.002,0.0002538999997341307,1810.1080679000006
rollout:      [0, 0]
backtracking: [550, 0, 34, 26, 51, 9, 1, 46, 60, 24, 77, 20, 37, 44, 12, 15, 71, 59, 16, 18, 57, 3, 70, 5, 49, 21, 79, 7, 61, 19, 10, 23, 63, 39, 2, 36, 53, 64, 78, 38, 62, 50, 67, 17, 76, 30, 47, 72, 33, 42, 6, 4, 52, 8, 14, 74, 35, 43, 13, 31, 29, 58, 66, 41, 28, 68, 73, 11, 0, 0, 0, 0, 0, 0, 0, 0, 0, 0, 0, 0, 0, 0, 0]
meia_hora,DumasEtAl_n80w60.003,0.00034560000131023116,1809.460099
rollout:      [0, 0]
backtracking: [638, 0, 40, 52, 61, 67, 48, 51, 62, 78, 15, 79, 12, 22, 41, 29, 37, 65, 5, 2, 34, 3, 63, 44, 58, 60, 23, 75, 68, 8, 25, 14, 73, 4, 13, 39, 56, 24, 72, 20, 18, 35, 30, 31, 66, 46, 74, 42, 59, 33, 71, 57, 1, 9, 28, 47, 69, 70, 55, 19, 32, 6, 36, 11, 45, 38, 27, 64, 21, 77, 10, 0, 0, 0, 0, 0, 0, 0, 0, 0, 0, 0, 0]
meia_hora,DumasEtAl_n80w60.004,0.00025970000024244655,1805.0850331000001
rollout:      [0, 0]
backtracking: [674, 0, 31, 7, 42, 32, 58, 38, 10, 5, 35, 22, 73, 59, 30, 16, 77, 37, 79, 34, 45, 15, 26, 17, 72, 29, 63, 62, 24, 13, 1, 75, 49, 70, 65, 54, 4, 27, 25, 69, 76, 3, 19, 74, 60, 78, 66, 61, 44, 71, 47, 14, 41, 21, 20, 6, 12, 52, 33, 43, 53, 9, 39, 57, 64, 40, 50, 36, 51, 23, 46, 80, 67, 18, 0, 0, 0, 0, 0, 0, 0, 0, 0]
meia_hora,DumasEtAl_n80w60.005,0.00028790000033040997,1801.1673788999997
rollout:      [0, 0]
backtracking: [496, 0, 52, 43, 26, 3, 72, 75, 12, 63, 64, 68, 8, 53, 79, 28, 46, 42, 35, 13, 70, 74, 54, 19, 37, 56, 22, 49, 76, 34, 39, 58, 66, 14, 36, 45, 69, 11, 40, 7, 4, 27, 30, 41, 47, 65, 18, 1, 29, 38, 50, 48, 23, 5, 55, 78, 21, 71, 67, 57, 32, 24, 33, 62, 59, 10, 44, 77, 51, 60, 0, 0, 0, 0, 0, 0, 0, 0, 0, 0, 0, 0, 0]
