instance_name,rol_time,backtracking_time
meia_hora,DumasEtAl_n80w20.002,1.0991629000000103,1807.0469711
rollout:      [0, 0]
backtracking: [532, 0, 38, 36, 30, 64, 73, 31, 11, 61, 22, 21, 16, 5, 13, 3, 2, 48, 19, 53, 9, 6, 1, 8, 32, 52, 29, 23, 56, 51, 24, 66, 20, 41, 43, 35, 74, 37, 40, 7, 27, 49, 55, 26, 42, 76, 4, 50, 15, 63, 71, 34, 79, 47, 45, 12, 78, 46, 75, 59, 14, 68, 28, 60, 10, 65, 0, 0, 0, 0, 0, 0, 0, 0, 0, 0, 0, 0, 0, 0, 0, 0, 0]
meia_hora,DumasEtAl_n80w20.003,0.0001924000002873072,1808.1127626
rollout:      [0, 0]
backtracking: [470, 0, 46, 50, 11, 8, 66, 34, 44, 48, 10, 41, 6, 3, 45, 52, 69, 13, 24, 2, 61, 17, 20, 75, 30, 9, 25, 36, 73, 77, 39, 42, 58, 55, 43, 49, 56, 72, 64, 51, 78, 4, 53, 74, 57, 28, 31, 76, 14, 35, 12, 40, 16, 37, 70, 71, 62, 1, 67, 47, 19, 65, 79, 7, 29, 0, 0, 0, 0, 0, 0, 0, 0, 0, 0, 0, 0, 0, 0, 0, 0, 0, 0]
meia_hora,DumasEtAl_n80w20.004,0.00018449999970471254,1809.9939778999997
rollout:      [0, 0]
backtracking: [576, 0, 70, 24, 47, 74, 20, 65, 14, 16, 10, 8, 22, 72, 53, 39, 9, 62, 12, 63, 5, 25, 75, 42, 29, 31, 67, 11, 64, 51, 56, 73, 34, 21, 43, 45, 61, 15, 44, 40, 36, 3, 30, 79, 17, 48, 18, 37, 19, 35, 57, 6, 66, 60, 41, 1, 27, 68, 49, 2, 7, 28, 52, 58, 54, 32, 26, 71, 4, 55, 80, 33, 0, 0, 0, 0, 0, 0, 0, 0, 0, 0, 0]
meia_hora,DumasEtAl_n80w20.005,0.00032730000020819716,1809.2493446999997
rollout:      [0, 0]
backtracking: [644, 0, 63, 22, 16, 12, 4, 47, 70, 9, 71, 58, 66, 39, 64, 5, 61, 27, 50, 54, 42, 11, 69, 20, 6, 31, 78, 48, 55, 59, 53, 18, 37, 2, 62, 68, 34, 7, 15, 28, 46, 73, 74, 75, 32, 49, 25, 76, 35, 10, 41, 38, 65, 30, 40, 36, 43, 1, 26, 45, 44, 29, 17, 51, 77, 23, 21, 3, 79, 8, 13, 14, 24, 80, 0, 0, 0, 0, 0, 0, 0, 0, 0]
