instance_name,rol_time,backtracking_time
meia_hora,DumasEtAl_n100w20.002,1.1304580999999416,1809.5662031
rollout:      [0, 0]
backtracking: [682, 0, 17, 80, 52, 2, 36, 20, 40, 39, 34, 51, 53, 96, 68, 83, 30, 84, 24, 22, 89, 50, 70, 82, 16, 8, 73, 5, 56, 28, 14, 7, 95, 88, 49, 81, 29, 65, 61, 9, 25, 75, 45, 12, 99, 21, 79, 32, 35, 3, 77, 1, 31, 63, 26, 6, 48, 74, 44, 59, 57, 37, 13, 90, 23, 71, 55, 11, 78, 4, 91, 66, 15, 67, 43, 93, 18, 58, 69, 54, 86, 47, 97, 85, 38, 76, 64, 87, 100, 46, 0, 0, 0, 0, 0, 0, 0, 0, 0, 0, 0, 0, 0]
meia_hora,DumasEtAl_n100w20.003,0.0002438000001347973,1809.2542287
rollout:      [0, 0]
backtracking: [632, 0, 97, 35, 61, 33, 34, 60, 38, 57, 6, 47, 15, 93, 26, 77, 96, 53, 20, 21, 16, 70, 83, 98, 25, 50, 68, 13, 56, 85, 92, 79, 36, 75, 89, 86, 45, 49, 48, 22, 8, 9, 43, 18, 90, 73, 65, 66, 52, 76, 54, 91, 78, 87, 5, 44, 4, 10, 23, 30, 31, 12, 14, 94, 81, 7, 11, 32, 17, 80, 40, 59, 42, 64, 24, 74, 37, 51, 99, 19, 41, 67, 62, 27, 95, 100, 0, 0, 0, 0, 0, 0, 0, 0, 0, 0, 0, 0, 0, 0, 0, 0, 0]
meia_hora,DumasEtAl_n100w20.004,0.000226900000598107,1802.0659055
rollout:      [0, 0]
backtracking: [634, 0, 96, 89, 57, 42, 39, 26, 22, 51, 71, 6, 23, 66, 77, 34, 72, 38, 61, 64, 85, 25, 27, 36, 67, 82, 7, 75, 9, 80, 20, 81, 11, 93, 43, 41, 12, 44, 97, 74, 45, 31, 92, 48, 35, 54, 87, 78, 73, 56, 62, 37, 2, 13, 47, 10, 83, 91, 68, 95, 50, 33, 52, 65, 53, 24, 58, 16, 94, 84, 30, 59, 14, 21, 79, 98, 46, 5, 86, 55, 40, 19, 49, 1, 60, 3, 100, 69, 0, 0, 0, 0, 0, 0, 0, 0, 0, 0, 0, 0, 0, 0, 0]
meia_hora,DumasEtAl_n100w20.005,0.0002238000006400398,1803.3451437000003
rollout:      [0, 0]
backtracking: [573, 0, 85, 15, 57, 24, 7, 23, 56, 33, 58, 20, 88, 51, 45, 31, 16, 32, 49, 69, 27, 21, 59, 82, 19, 76, 78, 55, 50, 53, 89, 39, 42, 5, 28, 2, 94, 96, 92, 84, 11, 14, 17, 9, 48, 26, 87, 93, 61, 35, 97, 37, 75, 64, 71, 6, 86, 99, 73, 4, 44, 1, 40, 65, 52, 29, 68, 77, 79, 36, 66, 54, 90, 13, 81, 80, 70, 63, 8, 34, 83, 43, 0, 0, 0, 0, 0, 0, 0, 0, 0, 0, 0, 0, 0, 0, 0, 0, 0, 0, 0, 0, 0]
