instance_name,rol_time,backtracking_time
meia_hora,DumasEtAl_n80w40.002,1.0629111999999168,1809.1877112000002
rollout:      [0, 0]
backtracking: [497, 0, 41, 49, 74, 78, 52, 43, 66, 26, 65, 64, 3, 36, 20, 12, 71, 23, 63, 72, 17, 9, 25, 61, 27, 32, 24, 44, 79, 10, 62, 35, 53, 14, 47, 45, 31, 75, 5, 11, 50, 48, 4, 8, 51, 30, 42, 7, 55, 22, 56, 59, 60, 69, 21, 29, 33, 6, 58, 73, 34, 54, 37, 2, 28, 68, 16, 57, 77, 13, 80, 67, 0, 0, 0, 0, 0, 0, 0, 0, 0, 0, 0]
meia_hora,DumasEtAl_n80w40.003,0.0001934000001710956,1800.8828375
rollout:      [0, 0]
backtracking: [543, 0, 52, 19, 42, 57, 54, 35, 10, 71, 56, 53, 79, 40, 67, 28, 69, 27, 4, 64, 12, 11, 44, 32, 24, 58, 61, 73, 39, 51, 29, 38, 17, 49, 34, 7, 5, 8, 21, 72, 31, 14, 20, 46, 76, 3, 55, 6, 65, 22, 16, 23, 68, 15, 48, 25, 75, 63, 2, 9, 36, 1, 50, 70, 77, 26, 0, 0, 0, 0, 0, 0, 0, 0, 0, 0, 0, 0, 0, 0, 0, 0, 0]
meia_hora,DumasEtAl_n80w40.004,0.0002071999997497187,1805.1427010999996
rollout:      [0, 0]
backtracking: [602, 0, 8, 5, 78, 20, 24, 54, 40, 61, 72, 29, 21, 74, 41, 76, 64, 77, 6, 26, 59, 22, 51, 25, 60, 32, 71, 45, 10, 44, 43, 16, 9, 62, 36, 34, 56, 39, 18, 79, 46, 2, 50, 31, 37, 63, 58, 70, 30, 55, 15, 47, 28, 14, 1, 42, 13, 67, 65, 49, 35, 52, 3, 27, 73, 75, 19, 17, 12, 11, 4, 38, 7, 80, 57, 68, 0, 0, 0, 0, 0, 0, 0]
meia_hora,DumasEtAl_n80w40.005,0.0006647000000157277,1807.4961548
rollout:      [0, 0]
backtracking: [527, 0, 11, 20, 21, 24, 76, 49, 18, 74, 42, 22, 4, 67, 62, 55, 69, 17, 41, 61, 7, 66, 39, 60, 71, 32, 29, 35, 2, 63, 13, 57, 45, 8, 46, 31, 77, 26, 50, 14, 10, 64, 73, 36, 5, 38, 51, 12, 54, 19, 16, 1, 65, 68, 75, 52, 44, 58, 59, 72, 78, 25, 40, 6, 9, 79, 80, 37, 0, 0, 0, 0, 0, 0, 0, 0, 0, 0, 0, 0, 0, 0, 0]
