instance_name,rol_time,backtracking_time
n40w40.001,0.00012570000035339035,3002.5646211999992
rollout:      [0, 0]
backtracking: [431, 0, 32, 10, 20, 19, 27, 33, 23, 21, 34, 13, 14, 31, 9, 28, 29, 15, 22, 4, 5, 36, 8, 3, 25, 37, 18, 7, 40, 39, 12, 0, 0, 0, 0, 0, 0, 0, 0, 0, 0, 0, 0]
n40w40.002,0.00012729999798466451,3002.9117332000023
rollout:      [0, 0]
backtracking: [340, 0, 5, 35, 15, 11, 36, 22, 7, 34, 19, 3, 32, 1, 12, 25, 39, 26, 17, 27, 2, 29, 30, 23, 24, 4, 21, 28, 6, 8, 9, 37, 0, 0, 0, 0, 0, 0, 0, 0, 0, 0, 0]
n40w40.003,25159.1293279,0.0004260000023350585
rollout:      [0, 0]
backtracking: [526, 0, 16, 1, 17, 11, 31, 35, 10, 30, 9, 34, 7, 38, 23, 27, 24, 2, 32, 4, 6, 29, 5, 22, 25, 14, 12, 36, 19, 8, 3, 26, 20, 37, 39, 13, 21, 33, 28, 40, 18, 15, 0]
